48458
19515
60447
2722
37449
64062
2354
37345
48984
2026
51193
45108
14862
4908
49237
33278
1800
18140
3106
46951
61700
46590
31242
43956
19452
13651
1039
42039
41344
29876
58810
21189
40133
54794
37061
15260
16593
25504
6953
43904
44329
40380
54603
51592
56526
7921
22202
37523
12419
58505
7940
44634
50747
47949
62324
61982
13436
26174
3056
36537
9782
36952
31873
55013
28641
7141
8332
30653
40592
41558
34858
36008
33494
39057
7148
60341
40878
62250
25521
30298
43812
6686
16900
37131
44703
41451
54825
50821
33974
60243
57127
58277
12971
31167
44370
62121
35414
18928
20784
23449
13379
5750
4511
25118
39802
43507
16427
59166
54699
8218
3680
3222
2386
49841
46799
54416
49375
38455
9310
39226
59972
18579
31344
48530
34635
35687
23692
39054
26436
43149
53471
14988
8842
65068
46235
34070
49756
7838
28036
23996
14460
17354
54251
22893
27059
17030
13760
54188
10806
12523
57935
61629
17577
12937
46328
52432
8126
39724
63284
20636
24460
65086
901
31371
47770
59711
11417
37857
7876
9057
33389
53689
65457
47130
53505
63786
64089
44940
4561
38591
54644
54687
25884
43933
60065
50848
42276
32383
54690
21217
17510
27172
7078
60873
6947
19845
17360
60962
23336
43852
33260
6915
63718
14844
42830
22052
3811
40336
50419
38722
21032
21388
44088
10772
17417
55785
37415
40696
14994
53221
43343
32476
9351
8700
63151
21723
23419
12889
9864
12500
24903
26144
890
36920
49935
4064
48387
45360
6144
52174
14650
41548
13188
14654
35171
25295
26060
24786
45377
12497
42874
2285
55196
37734
45019
56782
